33 0 144115188075855877 ready 1 10000 20 20 36 120 120 0 0
33 1 0 scribes 0 0 0 0 0 0 0 0 0
33 2 144115188075855877 ready 1 10000 20 20 36 120 120 0 0
33 3 144115188075855877 scribes 0 10000 20 20 36 120 120 0 0
33 4 144115188075855877 binding 1 10000 20 20 36 0 0 0 0
33 5 144115188075855877 tools 1 10000 20 0 36 120 120 0 0
33 6 144115188075855877 grain 1 0 20 20 0 100 100 0 0
33 7 144115188075855877 paper 1 10000 0 20 36 120 120 0 0
37 0 144115188075855877 ready 1 10000 20 20 36 120 120 0 0
37 1 0 scribes 0 0 0 0 0 0 0 0 0
37 2 144115188075855877 ready 1 10000 20 20 36 120 120 0 0
37 3 144115188075855877 scribes 0 10000 20 20 36 120 120 0 0
37 4 144115188075855877 binding 1 10000 20 20 36 0 0 0 0
37 5 144115188075855877 tools 1 10000 20 0 36 120 120 0 0
37 6 144115188075855877 grain 1 0 20 20 0 100 100 0 0
37 7 144115188075855877 paper 1 10000 0 20 36 120 120 0 0
57 0 144115188075855877 ready 1 10000 20 20 36 120 120 0 0
57 1 0 scribes 0 0 0 0 0 0 0 0 0
57 2 144115188075855877 ready 1 10000 20 20 36 120 120 0 0
57 3 144115188075855877 scribes 0 10000 20 20 36 120 120 0 0
57 4 144115188075855877 binding 1 10000 20 20 36 0 0 0 0
57 5 144115188075855877 tools 1 10000 20 0 36 120 120 0 0
57 6 144115188075855877 grain 1 0 20 20 0 100 100 0 0
57 7 144115188075855877 paper 1 10000 0 20 36 120 120 0 0
58 0 144115188075855877 ready 1 10000 20 20 36 120 120 0 0
58 1 0 scribes 0 0 0 0 0 0 0 0 0
58 2 144115188075855877 ready 1 10000 20 20 36 120 120 0 0
58 3 144115188075855877 scribes 0 10000 20 20 36 120 120 0 0
58 4 144115188075855877 binding 1 10000 20 20 36 0 0 0 0
58 5 144115188075855877 tools 1 10000 20 0 36 120 120 0 0
58 6 144115188075855877 grain 1 0 20 20 0 100 100 0 0
58 7 144115188075855877 paper 1 10000 0 20 36 120 120 0 0
73 0 144115188075855877 ready 1 10000 20 20 36 120 120 0 0
73 1 0 scribes 0 0 0 0 0 0 0 0 0
73 2 144115188075855877 ready 1 10000 20 20 36 120 120 0 0
73 3 144115188075855877 scribes 0 10000 20 20 36 120 120 0 0
73 4 144115188075855877 binding 1 10000 20 20 36 0 0 0 0
73 5 144115188075855877 tools 1 10000 20 0 36 120 120 0 0
73 6 144115188075855877 grain 1 0 20 20 0 100 100 0 0
73 7 144115188075855877 paper 1 10000 0 20 36 120 120 0 0
33 0 144115188075855877 ready 1 10000 20 20 29 120 120 0 0
33 1 0 scribes 0 0 0 0 0 0 0 0 0
33 2 144115188075855877 ready 1 10000 20 20 29 120 120 0 0
33 3 144115188075855877 scribes 0 10000 20 20 29 120 120 0 0
33 4 144115188075855877 binding 1 10000 20 20 29 0 0 0 0
33 5 144115188075855877 tools 1 10000 20 0 29 120 120 0 0
33 6 144115188075855877 grain 1 0 20 20 0 100 100 0 0
33 7 144115188075855877 paper 1 10000 0 20 29 120 120 0 0
37 0 144115188075855877 ready 1 10000 20 20 29 120 120 0 0
37 1 0 scribes 0 0 0 0 0 0 0 0 0
37 2 144115188075855877 ready 1 10000 20 20 29 120 120 0 0
37 3 144115188075855877 scribes 0 10000 20 20 29 120 120 0 0
37 4 144115188075855877 binding 1 10000 20 20 29 0 0 0 0
37 5 144115188075855877 tools 1 10000 20 0 29 120 120 0 0
37 6 144115188075855877 grain 1 0 20 20 0 100 100 0 0
37 7 144115188075855877 paper 1 10000 0 20 29 120 120 0 0
57 0 144115188075855877 ready 1 10000 20 20 29 120 120 0 0
57 1 0 scribes 0 0 0 0 0 0 0 0 0
57 2 144115188075855877 ready 1 10000 20 20 29 120 120 0 0
57 3 144115188075855877 scribes 0 10000 20 20 29 120 120 0 0
57 4 144115188075855877 binding 1 10000 20 20 29 0 0 0 0
57 5 144115188075855877 tools 1 10000 20 0 29 120 120 0 0
57 6 144115188075855877 grain 1 0 20 20 0 100 100 0 0
57 7 144115188075855877 paper 1 10000 0 20 29 120 120 0 0
58 0 144115188075855877 ready 1 10000 20 20 29 120 120 0 0
58 1 0 scribes 0 0 0 0 0 0 0 0 0
58 2 144115188075855877 ready 1 10000 20 20 29 120 120 0 0
58 3 144115188075855877 scribes 0 10000 20 20 29 120 120 0 0
58 4 144115188075855877 binding 1 10000 20 20 29 0 0 0 0
58 5 144115188075855877 tools 1 10000 20 0 29 120 120 0 0
58 6 144115188075855877 grain 1 0 20 20 0 100 100 0 0
58 7 144115188075855877 paper 1 10000 0 20 29 120 120 0 0
73 0 144115188075855877 ready 1 10000 20 20 29 120 120 0 0
73 1 0 scribes 0 0 0 0 0 0 0 0 0
73 2 144115188075855877 ready 1 10000 20 20 29 120 120 0 0
73 3 144115188075855877 scribes 0 10000 20 20 29 120 120 0 0
73 4 144115188075855877 binding 1 10000 20 20 29 0 0 0 0
73 5 144115188075855877 tools 1 10000 20 0 29 120 120 0 0
73 6 144115188075855877 grain 1 0 20 20 0 100 100 0 0
73 7 144115188075855877 paper 1 10000 0 20 29 120 120 0 0
